150 0.578000068665 0.766000032425 0.983999967575
300 2.45399999619 0.703000068665 2.68700003624
450 5.625 0.734999895096 3.06200003624
600 10.2820000648 0.75 3.35899996758
750 15.9370000362 0.75 3.8599998951
900 23.2039999962 0.75 4.375
1050 31.5469999313 0.766000032425 5.07800006866
1200 41.2030000687 0.781999826431 5.81200003624
1350 52.245000124 0.81299996376 6.65599989891
1500 64.5629999638 0.828000068665 7.68799996376
1650 78.9649999142 0.859999895096 8.71800017357
1800 94.0140001774 0.93700003624 9.90799999237
1950 109.266000032 0.905999898911 11.0940001011
2100 126.545000076 0.93700003624 12.4219999313
2250 145.138000011 0.983999967575 14.0
2400 165.308999777 1.04700016975 15.5629999638
2550 186.467000008 1.04699993134 17.2990000248
2700 209.784999847 1.125 18.9530000687
2850 233.733999968 1.20299983025 21.0310001373
3000 258.430999994 1.18799996376 23.0469999313
3150 284.619999886 1.23500013351 24.9059998989
3300 312.368999958 1.29600000381 27.2349998951
3450 342.055000067 1.34299993515 29.5950000286
3600 372.354000092 1.40700006485 31.8539998531
3750 404.121000051 1.4849998951 34.2190001011
3900 436.934000015 1.63999986649 37.3289999962