150 0.593999862671 0.75 1.0
300 2.46799993515 0.703999996185 2.65600013733
450 5.67199993134 0.733999967575 3.01600003242
600 10.4219999313 0.734999895096 3.43700003624
750 16.2970001698 0.75 3.78199982643
900 23.3910000324 0.75 4.39100003242
1050 31.8600001335 0.765999794006 5.125
1200 41.8399999142 0.796000003815 5.84400010109
1350 52.9539999962 0.81200003624 6.70299983025
1500 65.5460000038 0.828000068665 7.73399996758
1650 79.5 0.843999862671 8.7990000248
1800 94.2149999142 0.906000137329 9.95299983025
1950 110.465999842 0.921999931335 11.125
2100 127.734999895 0.953000068665 12.625
2250 146.871999979 1.0 14.0469999313
2400 167.607000113 1.03099989891 15.6719999313
2550 188.825000048 1.06299996376 17.2920000553
2700 212.090000153 1.10899996758 19.1410000324
2850 236.585999966 1.21900010109 21.0780000687
3000 262.019000053 1.20300006866 23.0939998627
3150 288.914999962 1.23399996758 25.3250000477
3300 316.592000008 1.28200006485 27.2290000916
3450 347.169000149 1.32799983025 29.6640000343
3600 378.901000023 1.3900001049 32.1879999638
3750 410.213000059 1.45300006866 34.5669999123
3900 444.523000002 1.625 36.9850001335