150 0.0 0.75 0.952999830246
300 0.0 0.781000137329 2.67199993134
450 0.0 0.733999967575 3.11000013351
600 0.0 0.858999967575 3.43799996376
750 0.0 0.828999996185 4.04600000381
900 0.0 0.93799996376 4.51099991798
1050 0.0 0.84299993515 7.22500014305
1200 0.0 0.921999931335 5.85899996758
1350 0.0 0.905999898911 6.79700016975
1500 0.0 0.938000202179 7.78099989891
1650 0.0 0.890000104904 8.82899999619
1800 0.0 0.983999967575 12.1290001869
1950 0.0 0.969000101089 11.2279999256
2100 0.0 1.01499986649 12.6719999313
2250 0.0 1.07799983025 14.1720001698
2400 0.0 1.06200003624 15.6570000648
2550 0.0 1.125 17.3600001335
2700 0.0 1.15599989891 19.3599998951
2850 0.0 1.25 21.0620000362
3000 0.0 1.21900010109 23.010999918
3150 0.0 1.28099989891 25.3910000324
3300 0.0 1.35899996758 27.4070000648
3450 0.0 1.39100003242 29.8129999638
3600 0.0 1.42199993134 32.125
3750 0.0 1.5 34.8439998627
3900 0.0 1.65600013733 37.3239998817