150 0.0 0.734000205994 1.01599979401
300 0.0 0.781000137329 2.64100003242
450 0.0 0.75 3.06200003624
600 0.0 0.796999931335 3.42199993134
750 0.0 0.796999931335 3.96900010109
900 0.0 0.81200003624 4.57800006866
1050 0.0 0.828000068665 7.25300002098
1200 0.0 0.858999967575 5.81300020218
1350 0.0 0.875 6.81300020218
1500 0.0 0.906000137329 7.7349998951
1650 0.0 0.922000169754 8.82799983025
1800 0.0 0.984999895096 12.1080000401
1950 0.0 0.968999862671 11.1619999409
2100 0.0 1.0 12.7189998627
2250 0.0 1.04699993134 14.125
2400 0.0 1.07799983025 15.7810001373
2550 0.0 1.13999986649 17.5480000973
2700 0.0 1.15599989891 19.3440001011
2850 0.0 1.26600003242 21.1089999676
3000 0.0 1.23399996758 23.1719999313
3150 0.0 1.3180000782 25.3119997978
3300 0.0 1.32800006866 27.3699998856
3450 0.0 1.34399986267 29.8910000324
3600 0.0 1.53200006485 32.1559998989
3750 0.0 1.5 34.6720001698
3900 0.0 1.65699982643 38.4639999866